53 52
7100
2341
512
7710
7786
7045
6332
8350
7088
0
395
7350
9004
6035
5420
9472
7284
7440
3335
6344
4000
4309
6624
8324
1081
9936
2039
1624
4781
7004
9670
5050
4981
8525
7940
1140
6240
7560
5390
8432
6392
7528
3570
9345
2937
9122
1375
9136
8258
6865
6916
6700
1957
-3 13
-4 173
-3 702
-3 789
-3 348
-4 259
-3 503
-1
-3 743
-4 128
-4 288
-4 859
-4 266
-4 53
-2
-3 669
-2
-1
-4 249
-3 211
-4 848
-3 439
-1
-3 14
-3 434
-3 305
-1
-4 303
-4 305
-3 42
-1
-3 920
-3 175
-3 332
-4 512
-3 696
-3 256
-3 269
-1
-3 601
-1
-3 483
-3 208
-3 410
-4 500
-3 638
-2
-4 511
-3 1
-1
-2
-4 879