62 80
2310
7800
5320
5600
27
4322
8750
2048
6000
6640
9890
9080
640
650
2878
3432
3365
5345
0
622
1458
9159
1712
8546
3704
1070
6648
8060
4352
7838
815
525
1261
6746
8069
2400
4837
2158
2411
488
9550
7961
4960
2820
3125
6068
3076
588
6569
452
1495
927
4244
1708
540
62
6176
2390
0
549
5040
2788
-3 642
-3 839
-4 351
-3 845
-1
-3 635
-3 455
-4 802
-1
-1
-3 377
-4 582
-3 221
-3 468
-4 395
-1
-1
-2
-2
-4 831
-3 215
-3 150
-3 146
-4 265
-3 536
-4 577
-3 522
-3 434
-4 190
-4 483
-3 825
-1
-3 914
-3 690
-3 410
-1
-4 182
-4 138
-3 971
-2
-3 477
-2
-2
-1
-3 158
-3 272
-3 724
-2
-4 247
-4 602
-3 581
-3 131
-2
-3 889
-4 910
-3 153
-3 987
-3 102
-4 185
-3 74
-1
-4 286
-3 227
-4 284
-3 886
-3 592
-3 644
-4 132
-1
-4 826
-4 594
-2
-3 384
-3 151
-4 190
-1
-2
-1
-3 211
-3 220